0.006543411306846281 -0.005744737696476547 0.008850388872023593 -0.00012160566535460493 -0.0020482569311601885 0.00234329354936913 -0.006607411707977735 -0.0061277565810214955 -0.0015670999051503288 -0.005405910285814 0.003408596137613269 -0.0016753693190959006
-0.002329300833559531 -0.004445073399224604 -0.005584228365675208 0.00432382713625572 0.008051042671890723 -0.0029952008277284526 0.0060808286120178365 -0.0037373060468167975 0.005208198529694259 -0.005224518792390145 0.0013742240446266507 -0.0018511207306305777
0.007418356601164969 0.005225893930817813 -0.00784416358275144 -0.008014045456226075 -0.0007991747719196663 -0.005694408962018678 -0.0052423511625251384 0.009022378847045596 0.008813093722429948 -0.009650192305218323 -0.009555218902141262 0.0025392743204782154
0.008952203492382786 0.007769508354525398 0.003859453097116199 0.004790047182897661 -0.0003432761340002566 -0.0002045732828761504 0.00713746958118022 -0.007849633887343593 0.003647078092204894 0.0043897944120272255 -0.006884880368636872 0.005408366771375373
-0.006629166083231013 0.009360890188131838 0.005279805045780275 -0.0008813380399040694 0.0016793328433384303 0.009478075059703692 -0.0026594734649965624 -0.00591787197538219 0.0037904222528893227 0.008063048711838139 -0.006879950377214339 0.005283288588336208
-0.0022237511589520255 0.003746571178003919 -0.0004552659390514768 0.009009852981975692 0.001520831078365814 0.009332444919714043 0.009255982818383366 -0.007426485008051034 0.008762088681621191 0.005168117855510092 -0.007129345903551358 0.0015559513408135905
-0.004566558097561091 -0.00905295395069412 -0.008850183655414455 -0.0027406372498795985 0.0074835998763371925 -0.008547341694722755 0.001714798378812583 0.007462661924323435 -0.0027387629116099334 0.004371186077033029 0.0018700761490660267 0.005228404370560935
-0.000368629380672294 0.009628709185189915 -0.002017095923926646 -0.005751752906484515 -0.007570050015839867 -0.0048596915610628 -0.007640262033343895 0.008819229151536233 -0.0073373627380557485 0.006809309436251623 0.005404572856235841 -0.0006088886745213662
-0.008982524572449975 -0.0059518064732282695 0.008714944307694128 -0.0017198245600513306 0.005626123936046484 -0.0075045192155550455 -0.009055694560353753 -0.002795532305463071 -0.0029898072888559567 -0.0058927095089412965 0.0028100822642416956 0.0015460686045450811
0.00120053503949195 -0.0036878244314184714 -0.0017812187432389949 -0.004628417697690177 0.0010515813794645323 -0.0022300555537132683 0.0030123234640859376 0.009261622823876721 -0.003533758845364088 0.001848636779828967 -0.008090629071742777 0.006589042804756684
0.0006407265645500826 0.0018657612680695146 0.0012260690786058514 -0.007697154483154416 0.00756047678129572 -0.009772257550603038 -0.006138731461085956 -0.00031964619670911355 0.008463655726799196 0.003985644714351822 0.008043482238691361 -0.003199631829730816
0.0010200069261080214 0.0020006042693130575 -0.005314630442023574 -0.00812911976122054 -0.003196655527825607 -0.00825749131591488 -0.009852364315700315 -0.006456941712838633 0.0072130050173894135 0.0022737262413457127 0.004999811069911415 0.0014894286662423672
