0.0 0.5538523373387203 -0.4576537644427895 -0.0067897464189325615 0.21829478023508816 -0.23076107730194056 -0.12657070630979597 -0.010484220477791684 0.33056823531169965 0.09826350219826432 -0.20933067823976728 -0.4516312259968764
-0.39652579285907213 -0.010450044100730463 0.16807810008797938 -0.13381932529007376 0.49578013304648294 0.12221836259702258 -0.04106438203729039 0.5094497954755224 -0.3944440824971433 0.26603329240860835 -0.042646942906127 -0.21531599554571992
-0.3172206342872577 -0.41451841599564515 -0.16371117485474712 -0.3880808156451671 0.28615190212179936 0.21622452880048162 0.3135936594659302 -0.35820004772791797 0.29436411466029605 -0.14736464674736244 -0.2849072547845321 -0.07290098357846778
-0.23791547571544328 0.28911788678687866 -0.2337760641523916 -0.3320392580782692 -0.20363225249297381 -0.1177254655431081 0.29790176209598046 0.2418717245741814 -0.23936490144592124 -0.6194311537040537 0.21916993584889863 0.057506655047832866
-0.07930515857181443 -0.14978396544380454 -0.47812979164750286 0.6562960651413072 0.19786045566027022 0.01499989723669598 0.36007810011175295 -0.14534043818710196 -0.31476362749977455 0.010762215075925336 0.14947521134957711 -0.015943320768068925
-0.23791547571544328 -0.26473445055184053 -0.22882688222139486 -0.07779901428187141 -0.4800817205559933 -0.20169602145889293 0.26139126146460645 0.3541353718352166 0.2857011822728679 0.4932035639643788 0.1488037362457222 -0.05461683656597292
-0.39652579285907213 -0.19506748988030348 -0.0415343111071914 0.3268188151716267 0.16412559246999675 -0.12363025651193235 -0.4564285456393008 0.2501373895701605 0.4302685046246344 -0.35105627876768686 0.1216590699418716 0.24472540824866587
-0.47583095143088655 0.20900088201461114 0.018632214328459688 -0.051692877307054116 -0.18769603366067064 0.30310926119745113 -0.27334403960607223 -0.4679561112173375 -0.06669772964829893 0.17693959687034866 0.4948248672228797 -0.15959779262250887
-0.0 0.0 -0.5432454990141506 -0.14948424958147274 -0.18069093481215323 0.3462203422598286 -0.3846855332464432 0.08234249182063849 -0.24861883547944724 0.13256787079383556 -0.35973243128226146 0.4080009979443447
-0.23791547571544328 -0.26473445055184053 0.042795867285680494 -0.00305688949113505 -0.22349987671192675 -0.6011166774196331 -0.2688211997548975 -0.2560974969064376 -0.3903406690511164 -0.07564980439476236 -0.32833113139396336 -0.23756427233838168
-0.39652579285907213 0.35878484745841566 0.3156801729712456 0.35824509044388997 -0.2793477783370619 0.1946970391365885 0.271294831911297 0.0057770709140085984 0.0815929568027714 -0.01228948234033128 -0.5277225193081538 0.1056945332357896
-0.15861031714362886 0.2542844064511101 0.0347413162999405 -0.15567647739585078 0.301279975601075 -0.4516824062334106 0.14259325353518082 -0.23033639095226988 -0.008790091615209054 0.3046266582958968 0.07291447185567253 0.6468188213464395
